CHROM	POS	ID	REF	ALT	QUAL	FILTER	PRECISE	SVTYPE	CHR2	END	PE	MAPQ	CT	CIPOS	CIEND	SRMAPQ	INSLEN	HOMLEN	SR	SRQ	CONSENSUS	CE	SV_LENGTH
1	46811467	DEL00000021	T	<DEL>	.	PASS	TRUE	DEL	1	46811700	0	0	3to5	-2,2	-2,2	60	0	1	3	0.992754	AGTATCTTTATCTGTATCTCTGATTTCATTAAAATTTTAATTAAAAGCTAATTGCAAATTCAATAGAGAAGAGGGAGCATCATCAAGTAATGGAGGGATATTTCTCTGCTATAGGTGTGGTCATATTTCCATTAACAA	1.88183	233
1	48151213	DEL00000023	C	<DEL>	.	PASS	TRUE	DEL	1	48154426	3	60	3to5	-7,7	-7,7	60	0	6	3	0.992754	AAATAGACATTTCTTCAAGGAAGACATACAGATGGCAAAAAAGCACATAAAAGATGCTCAGCATCACTAATTATTAGAGAAATGTAAATCAAAACTATATATAATGAGTTTTCACACTGGTCAGAATGACAATCATCA	1.84273	3213
1	103269620	DEL00000034	T	<DEL>	.	PASS	TRUE	DEL	1	103272405	0	0	3to5	-3,3	-3,3	55	0	2	3	1	CAAGGTAATGTATTGGAATATATCCATATATTTGCCTTGGGTCTTGTCCTCAGGCCAAAGTTACTTGTCCCCCAGAGGATACCGTGGTCACACAGT	1.98843	2785
4	17971438	DEL00000141	T	<DEL>	.	PASS	TRUE	DEL	4	17971681	0	0	3to5	-12,12	-12,12	60	0	11	3	1	AAACTGTTTTTAAAATGCCTATAGATTTGAAAATCAAGGAATTTAAATTATTTAATTTGATTCTTGAATG	1.70925	243
4	47770846	DEL00000152	T	<DEL>	.	PASS	TRUE	DEL	4	47770997	0	0	3to5	-1,1	-1,1	60	0	0	3	0.961538	CAAGGAAAATTCTTCCAGTTTTACTGAGACACTATGATATTTACTCAAACTTTCAGTATAACATAAAGTAGTGCTATTTATATTTATCATGCTGTACATTAC	1.85426	151
4	83375897	DEL00000162	A	<DEL>	.	PASS	TRUE	DEL	4	83375972	0	0	3to5	-3,3	-3,3	60	0	2	4	1	AAAGTGAATAAAACAGATAGTTACAAGAGGATAATGTATTGGAGGAAACATGGTGTCTGTGCTTTATTTTTTTAAAAGAATCTAATGAAGCAGAATAATTATTAATTTGTTAGCAGCATAAATCTATAATGAAGGCAAAGCAAAACAA	1.80377	75
4	110453310	DEL00000179	A	<DEL>	.	PASS	TRUE	DEL	4	110453374	0	0	3to5	-5,5	-5,5	60	0	4	3	0.969697	TTTTAGGATAAATAAGGGAGGGGGAGATAGGTGAATTCATATATAAAGGCATTTTCTTTTAAAACTGTTACTGGCTCTCAGGAAACAACAGATTTTATTTTTCTCTCTTAATAGTGAATCAGGAGTTACAAA	1.88339	64
4	113147747	DEL00000187	A	<DEL>	.	PASS	TRUE	DEL	4	113147871	0	0	3to5	-3,3	-3,3	60	0	3	3	0.953271	CACTCCGTTTTGAATTGATTTTTGTTTTTGGTGTATGAATAGGCATTCAATTTCATTCTTTTGCATGTGGCTGTCTAGTTTTTCCAAAACCGTTTATTGAAAAGATA	1.84905	124
5	38921995	DEL00000208	G	<DEL>	.	PASS	TRUE	DEL	5	38923144	4	22	3to5	-1,1	-1,1	60	0	0	3	0.985816	ATGAGAAGATGTACAAAGATCTTCATTAAAGGGAATTTAAATAAGTGAAACATTCCAGTTTAATACTGGGTGGGTCTCTGTGGGTAAGGCTCATCTCTGCTCCATGTGACTTCATCATATGTCTGTCAGTTGAGAATGCTG	1.95256	1149
5	86578518	DEL00000237	G	<DEL>	.	PASS	TRUE	DEL	5	86579079	0	0	3to5	-1,1	-1,1	60	0	0	3	0.985294	CAGCCCAATTCTGAGAAAGGGGAATTAGGCCCCAACTCTAATCAGTATCAAAGTCTATCTTTGGACGTATTTCTAAAGTACCACACTTTTTTTCGGACTAAGTAGAGACAGGTCTTAGAATAGGAAATTATGTGTT	1.95903	561
5	93235232	DEL00000243	G	<DEL>	.	PASS	TRUE	DEL	5	93235371	0	0	3to5	-7,7	-7,7	60	0	7	3	0.983193	GGATGGGTTTTTAAGCTCTTTTTGCTTGTTAAGTCACTGTAAAGGAGGAAAATGAGGCCCAGAAAGAATTTCACTTCCTCAGCATCACTCTCTAATGGCAGAAAATAAATAGGAATTAA	1.94348	139
6	5432986	DUP00000263	T	<DUP>	.	PASS	TRUE	DUP	6	5800660	32	60	5to3	-1,1	-1,1	60	0	0	6	0.962264	CAGCCCTTTACCCTGTACTTATCAGAGAGCTTTGCTAGAACAGCATCCAGCCAGGCTGCAGAGCACGGGCCTGTTGTAAGTATAGGTGGTGCCAGTCTGTAATGTTTTTATGTTCAAAGTTTTCTAAAATTGGCACTGTTTAAAATTTAAGACTGAA	1.97804	367674
6	107010904	DEL00000321	G	<DEL>	.	PASS	TRUE	DEL	6	107012026	4	60	3to5	-7,7	-7,7	60	0	8	3	0.991228	GGCCAAAAAGGAAGCCATTGACATCAGCAAATACAATTTATTTTTTTTTAACTGCACCTCAAGGCTGTCAAGATCTTAGTTCCAAGATTAGGGAGGGATCAAACTCATGCTCCC	1.96741	1122
6	109018670	BND00000322	A	]1:6043133]A	.	PASS	TRUE	BND	1	6043133	0	0	5to3	-1,1	-1,1	60	0	0	78	0.965957	CGGCCGAAGTGGAGAAGGGTTCCATGTGAACAGCAGTTGAACATGGGTCAGTCGGTCCTGAGAGATGGGCGAGCGCCGTTCCGAAGGGACGGGCGATGGCCTCCGTTGCCCTCAGCCGATCGAAAGGGAGTCGGGTTCAGATCCCCGAATCCGGAGTGGCGGAGATGGGCGCCGCGAGGCGTCCAGTGCGGTAACGCAACCGATCCCGGAGAAGCCGGCGGGAGCCCCGGG	1.89741	-102975537
7	10873166	DEL00000343	A	<DEL>	.	PASS	TRUE	DEL	7	10873803	3	60	3to5	-1,1	-1,1	60	0	0	4	0.978873	AGTTTTGTGAAAAAGGCCATATAAGACAAACCCACAGTTAGCATCATACTCAACAGTGAAAAGCTGAGAGCACTTTCTTTAATTAAGAAAATTTTGATGAATCCTCTTAATCATTTATGTAACAGTCATATCATTTGTGTGT	1.89956	637
7	10966552	DEL00000347	A	<DEL>	.	PASS	TRUE	DEL	7	10966840	0	0	3to5	-12,12	-12,12	60	0	14	5	0.966887	ATTAGTATATATATTTTAGGAATTAATAATTAATTAAGCATTTATTTTTATGATAGATTTTATCTATAAGTTTAAACAGAGAGAATTTTGTGTAATGACACACAAAATTATATATACTCTACCTTGAGACCACAGTTATTCACATAATGCC	1.76945	288
8	63367548	DEL00000405	T	<DEL>	.	PASS	TRUE	DEL	8	63367834	0	0	3to5	-11,11	-11,11	60	0	10	3	1	ACTCTTTGTGACCCCATGGACTGAAGCCTACCAGGCTCCTCTGTCCATGGGGTCGCAAAGAGTCGGACACGACTGAGCGACTTCACTTTTCACAGTTAATTTACAATGTT	1.99351	286
9	66460452	DEL00000444	G	<DEL>	.	PASS	TRUE	DEL	9	66460807	0	0	3to5	-11,11	-11,11	60	0	10	3	1	AGAAGGGGACGACAGAGTATGAGGTGGTTGGATGGCATCATGGCATCACCAACTCCCGAAGCTTGCTCAAACTCATGTCCGTCGAGTCAGTAAAGCCATCCAGACATCTCCAACAAGCAT	1.98234	355
9	100491204	DEL00000460	A	<DEL>	.	PASS	TRUE	DEL	9	100492331	5	60	3to5	-9,9	-9,9	60	0	9	3	0.967033	GGTTCCTCTAGCCAGCGACCCCAGTCCTCTACTGAGGAGCGCACCTTCTCTAAAGACACGAGAGCAAATGCAGAAACATACCTAACCAGTG	1.95863	1127
10	57085165	DEL00000507	A	<DEL>	.	PASS	TRUE	DEL	10	57085328	0	0	3to5	-7,7	-7,7	60	0	7	3	1	GGCAAAGCACAAAGAAAACCTATTATTTTGTAGACACATGCACATTTCAAAAATACCATAGGAGCATTTGTTTAGGACACTAGGC	1.92343	163
11	17029404	DEL00000525	T	<DEL>	.	PASS	TRUE	DEL	11	17030759	3	60	3to5	-11,11	-11,11	60	0	10	4	1	ATACACTATCAAAGTTCAGCAGTTCTTGGCCATAATCAGGGATGTTTTTAGAAGATAATTTTAACTATCTTTTCAGATTTTCAATAGGAGAGTTTTTTTCAAAAATGTGTAATATGAAATATATTAATTTTGTTCTT	1.80862	1355
11	51416605	DEL00000542	A	<DEL>	.	PASS	TRUE	DEL	11	51416860	0	0	3to5	-4,4	-4,4	60	0	3	4	1	TCAGGAAGGTAGGTATCTTCCTGATAAAATTCTATGCAAACCTGTCCTCAGTTGATGAGTTCAAACTCTGAAATTTAGCTGTAGATATTGTGCTTGAGCCTTGGGAGATTTTCCTCACATGTCAC	1.96424	255
12	31165065	DEL00000574	C	<DEL>	.	PASS	TRUE	DEL	12	31167963	4	60	3to5	-7,7	-7,7	60	0	8	3	0.992593	CACCGCTACTAATAGCGCAAAACAAAATTAAAAACTCGTAGCACAGACACACAAAATTTTAAAAAACAAAATTAAATAGCAACTTCAGTTTCCAGTTTGAGATGTAAGAAACTTAGAAGTCCTTCACTCACACCC	1.84373	2898
12	61044592	INV00000591	C	<INV>	.	PASS	TRUE	INV	12	61045959	2	60	5to5	-4,4	-4,4	60	0	3	3	0.957447	ATATCTTGGATAACTACAGATTATCTTACTTCCCATTTCTGAGAATTAGCCATGATCAGAAGAAATATTAAGATTCTGTTTCAAGTGTAAGCATACATACTTTCTTATTTTAATTGATATATATTTGATGTGTAACATC	1.84156	1367
14	58770910	DEL00000668	A	<DEL>	.	PASS	TRUE	DEL	14	58771359	0	0	3to5	-3,3	-3,3	60	0	2	3	0.993056	TATTATCTGAATAAAACTGGGAAAAAGTAAATTTAACTAGATTTAAATATAATATGCAATAAAACAGAAAGTTACCCTTACCATAGCCTTATAATACATATTTTTCAGTAAGATCTAGAGGAGTTGGGGCCTAGAATGGAACTG	1.85393	449
14	67447822	DEL00000670	A	<DEL>	.	PASS	TRUE	DEL	14	67448158	0	0	3to5	-8,8	-8,8	60	0	12	3	1	AACATTAAAGATAAGAACCTAGACTTTTGTGGCCATAAACCAGTTGTACAAAATAACTGTCAATTCTAAAACATGAAATTATTTCCCCAGAAAAATAAAAAATAATGTATTATAAACATCCTGATATACTTCCAATAA	1.78355	336
15	11737773	DEL00000693	C	<DEL>	.	PASS	TRUE	DEL	15	11738029	0	0	3to5	-5,5	-5,5	60	0	4	4	0.993007	TTATGAACTTGCTCTTGTTACATTATAGCACAAGCTCTGTATGACTTTAAATGTAGATAGTAATCCAAGTATCCTCCAGGATACATGATTATTTGGGGGAGAGTGGTGAGTAAAAAGAGAACATAAAATTTAGAATAATAAAT	1.88151	256
16	10161378	DEL00000743	G	<DEL>	.	PASS	TRUE	DEL	16	10165869	0	0	3to5	-10,10	-10,10	60	0	10	3	1	TTTGGAAAGCACACATACGGAATATTTCCATCACAGTAGAAATGTCTGCTGGACAGTGCTACCCTAGATTCACAATAGTCTTTGAAATAGCATCATATGA	1.95309	4491
17	43869193	DEL00000787	T	<DEL>	.	PASS	TRUE	DEL	17	43870242	4	60	3to5	-3,3	-3,3	60	0	2	3	0.990099	GTTCTACTTGTTCCTGATGTGGCTCTCAGATCAAACCTCCTCCCTTCTGTGGACAATCCTGCATTTTAAAATCTCATTCCTCACTGAGGCTGTCATCTGT	1.92676	1049
18	26035881	DEL00000801	A	<DEL>	.	PASS	TRUE	DEL	18	26035945	0	0	3to5	-4,4	-4,4	60	0	4	5	1	AAGGAAAGTGTAGTCCGAAGTCTCTTCTCCCCACCTCAGAAGACACCTAGATCATTCCCATTTTATGTAATTTTTCAGAGAACATAAAATAAATAAAAACAACCTTTCCTAATAAGATGGACACAAAAAGCCTGAAGAACACAGACATTAA	1.88621	64
19	2727435	DEL00000831	T	<DEL>	.	PASS	TRUE	DEL	19	2727526	0	0	3to5	-2,2	-2,2	60	0	1	3	1	CAGGTGCTCTTTCAGGGGCTTTCACATATGCTATTAAAAAAAAAAAACCAAAAAACTCCTAACACAAATCCTACTTTTACCTCT	1.86517	91
19	18128529	DEL00000840	T	<DEL>	.	PASS	TRUE	DEL	19	18129426	0	0	3to5	-4,4	-4,4	60	0	4	3	1	CCCCCAGATCGGTCATTCCACACTGGTGCCGCATGAGTGGACAGCTGGCTTTGAGGGGTACAGCCTGAGCAGTCGGAGAAACATAGCACTTCGTAACGATGCCGAGTCGTC	1.98136	897
19	43019457	DEL00000843	T	<DEL>	.	PASS	TRUE	DEL	19	43019865	0	0	3to5	-4,4	-4,4	60	0	5	3	1	ATGGTTGATTCTAATATGAGCCCTTTTTCACGTAGAGGTAAGCCAAATAGGTTCCCCAACAGTAGTGACTC	1.98237	408
19	50206034	DEL00000848	G	<DEL>	.	PASS	TRUE	DEL	19	50206518	0	0	3to5	-3,3	-3,3	60	0	3	3	1	AGGGTTACCCACAGGAGGGAGGCACCAGGGAGGCTCCCAGAGAACAGAACGCTTGCATCAGCTGAAGTTAATTC	1.94916	484
20	43022088	DEL00000864	T	<DEL>	.	PASS	TRUE	DEL	20	43025066	0	0	3to5	-4,4	-4,4	60	0	3	3	0.982143	TAATTCATCCAATTTAAGAGCATGAAGTATCTTACCATTTTTTGAATTTCTTCAATTGTTTAATTAAATTTTAATTCCAATTTTTTATTTATGTTCCTTTAATTTCCTTTAT	1.64648	2978
22	14363259	DEL00000936	T	<DEL>	.	PASS	TRUE	DEL	22	14363381	0	0	3to5	-2,2	-2,2	60	0	1	3	0.990909	CCAAAAAAAAGAGTGAATTCAAAAACTCAGTAATAAAGATGCAAAAGCGTGTCCATTAAAAAATATTAAGTAGCTTTGGGGATTTTTGGCTTTCCCCATTTAAAAATCCC	1.8824	122
23	25598431	DUP00000960	T	<DUP>	.	PASS	TRUE	DUP	23	25664202	0	0	5to3	-6,6	-6,6	60	0	6	3	0.989011	TCTCTCTTTAGAGCATTTTAGATATGTTTATTTTTTGGAAGAGTTTAGTAGAATTAATACAGATTCTTCCTTGAATGTTTAGTGAAATTC	1.79309	65771
23	26101762	DEL00000972	C	<DEL>	.	PASS	TRUE	DEL	23	26101829	0	0	3to5	-4,4	-4,4	60	0	4	3	0.965812	GTAATACTTTACCATCCTTCCTTTCATGTAACTGAGCTAAGACAGGCTTCATTCTGGCATGTGTTTAATGACAACTGTACATTTCAAATATAATATGTTTAATTTTCTTTACATTT	1.85725	67
23	36936418	DEL00000999	C	<DEL>	.	PASS	TRUE	DEL	23	36936743	0	0	3to5	-12,12	-12,12	60	0	11	3	1	ACCTTCTGTAAAATGTCTATTCAGATTCTCTGCCCACTTTTTAATTGAACTGTTTGTGAGTTACTTTGCTACTGAGTTGTATGAACTCTTTATATATTTCAGAT	1.8558	325
23	37724851	DEL00001001	C	<DEL>	.	PASS	TRUE	DEL	23	37727610	0	0	3to5	-5,5	-5,5	60	0	4	3	1	ATTGGAAGAAGAGAGAGGCTGCTGCAGGTGTTTGGACGGAAACTGAAAATAGCAACAAACAGTAATTCCAGGTTGTGGGCTATGACAAGATCCATCTTTAAACTGTCCCAGCCTT	1.97091	2759
23	38727086	BND00001003	A	A]5:28408738]	.	PASS	TRUE	BND	5	28408738	0	0	3to3	-5,5	-5,5	60	0	4	9	0.989247	AATGGAGATAGAATAGAATAGTTATACAGGTAGTTATAAAAGTCCCAGTAGGGGATTATAGGTAGAAAGGGGAAACCTGGGGATAAAAAAGAAAAAAAAAATGTATTTAAGATCATCACTTGACCAAGAGAAATTATTAAACATGGCAGTCTCAACTGAAAATGAAACAAATGAAGAATTCGATTT	1.80764	-10318348
24	62192121	DEL00001028	A	<DEL>	.	PASS	TRUE	DEL	24	62192259	0	0	3to5	-3,3	-3,3	60	0	2	3	1	TGGTATTTTGATAGGGATTGTATTGAATCAATAAAGAAACACAAGGTGGAATCAAGATTGCCGGGAAAAATATCAATAACCTCAGATATGCAGATGACACCACCCTTATGGAAGAAAGTGAAGAGGATTTCAAAA	1.88985	138
28	1330490	DEL00001122	A	<DEL>	.	PASS	TRUE	DEL	28	1330549	0	0	3to5	-3,3	-3,3	60	0	2	3	0.992593	TTTTTGAGCACGTGACTACTCAGATTAAAAACTGCTTTTCTTAGTCATCCTGAAAACAATCCAGGAACTTCCAAAGAAGACAGCTAGGCATATCCTGTGTTGTCCTCCTTCCCACTAGCTGAATGTGTGTGTGAT	1.97383	59
28	41947474	DEL00001138	C	<DEL>	.	PASS	TRUE	DEL	28	41948126	0	0	3to5	-2,2	-2,2	60	0	1	3	0.98	GCGCATTACATTTAATATTTAACAAGTAATTAATTACAACTAATAAGACTTGCTATATAGCGTAGGGAACTCTACTTAGTACTCTGTATAGGAGATAATA	1.86593	652
29	6770223	DEL00001143	A	<DEL>	.	PASS	TRUE	DEL	29	6770278	0	0	3to5	-3,3	-3,3	60	0	2	3	0.98	ATTTTCTTTTCATTTCTTCATGAGTCTAAAACAATGGTTGCTGACTAGAGTTAAAAAAAAATACAACCAAAAAGAACCTCAAGTAACTTTTCACCTCTTT	1.84732	55
29	20987031	DEL00001153	A	<DEL>	.	PASS	TRUE	DEL	29	20987828	2	60	3to5	-4,4	-4,4	60	0	4	3	0.984848	GTTGGGAGATTCAGCTCTCTCAACCCTCCAGTGGAATTAATCCATCTTTTTTAGTTTCCCTTGCT	1.91996	797
X	18689062	DEL00001179	T	<DEL>	.	PASS	TRUE	DEL	X	18690179	5	39	3to5	-1,1	-1,1	50	0	0	3	0.974359	AAATCATGCCTGGGAATTGAACATGAGCTATTCCTTTGTTAGGCTAGTGTGGTGACTAAAATGCTAGACACTTCTGTCATGAAGTGGCCCCTTTTCCTCTGCACATAAATACATAGG	1.97932	1117
X	107693515	BND00001222	T	T]7:108053780]	.	PASS	TRUE	BND	7	108053780	6	60	3to3	-3,3	-3,3	60	0	4	3	1	TACATGTCTGTTCATATTTTACAACAGCATCCCGATATTTTCAGATTGCTTGAAATTTTTTTTAATTTTTTGTTTGTTTTAAAAAGAGAAATAAACGGGAAGGAACTTACAATGGTATT	1.8284	360265
NKLS02001289.1	27195	DEL00001378	A	<DEL>	.	PASS	TRUE	DEL	NKLS02001289.1	27338	0	0	3to5	-4,4	-4,4	60	0	3	6	0.993711	TCTTGCTTTTTAAGCATTTAAATGAATGTGGTATTTCAGACTTTTGATTTTATTTAAATGTTTATAGGTACGGTAACTTTTCCAACTGTTAGTAAGAATTTTAGCATTGCAGCTGGCCTTGTGCATGTCCATCACCAAAGGTCAGCCTGCTCAAGGAAA	1.92193	143
NKLS02001289.1	31554	DEL00001379	C	<DEL>	.	PASS	TRUE	DEL	NKLS02001289.1	31615	0	0	3to5	-6,6	-6,6	60	0	8	3	0.971963	TATTTTGATTTTTTTGAATAAAGAAGTTTTTCTCTGGCATTTTGAGTGAGGACTCATTCCTGACTCACCTAATGGGAACTGGGGGAGGAAATATTTTTGGCACTTCA	1.91264	61
NKLS02001289.1	32146	DEL00001380	A	<DEL>	.	PASS	TRUE	DEL	NKLS02001289.1	37182	26	60	3to5	-8,8	-8,8	60	0	10	7	0.97546	TGCCTGGTTCACAGTCCATTTTGGTATATCTCAGGATCCTCTCATGTGTGTGCACACACCTCTTAAACCAAGTGGATTTTACCAGAAAGGCATCTGGGTAGAGACAGCATCCCTTGACATTGTTCCCCTTTCAGCCTGCAAGGAGTCTTTTCTGTGCATGTGT	1.97982	5036
NKLS02001289.1	95141	DEL00001386	T	<DEL>	.	PASS	TRUE	DEL	NKLS02001289.1	96770	13	11	3to5	-3,3	-3,3	32	0	3	8	0.950311	ATCCATAGGTCTGTTAAAATGTTCTCTTTTTTTGTTGGATTTTCTTTTAGCTACTCTGATTGGTGATTTCCATTATTATGTATTCTTATGTATTATCTGGTCTGCTGTTTACATTTTGTGTTTCTCATATCAGTTACTGTATTCTTCAGTTCCGAGCTCTG	1.78709	1629
NKLS02001383.1	46839	DEL00001407	T	<DEL>	.	PASS	TRUE	DEL	NKLS02001383.1	49511	7	21	3to5	-1,1	-1,1	41	0	0	3	0.965909	TTCTTTCTCCAGAGGATATGTAAAGTCTTCCAGAAACATTGTGTACATCATTGGGGACATTGGCTCAATCCTTTGTGCCAAAAGATT	1.9614	2672
NKLS02002005.1	104869	BND00001448	C	C]NKLS02000125.1:263895]	.	PASS	TRUE	BND	NKLS02000125.1	263895	6	28	3to3	-7,7	-7,7	28	0	6	3	1	AAAATCTGTTACAAAAGACTGAGTGTGGGGTCTGGTTGCTCGCCCGTCAAAAGCCAATAAACAGGCCAGGTTGGTGGAAAGGAAAGCTTCTCTATTTCAGATCTGGCAACTGGGATGG	1.97874	159026
NKLS02002108.1	26733	BND00001461	G	]5:459616]G	.	PASS	TRUE	BND	5	459616	0	0	5to3	-2,2	-2,2	24	0	1	5	0.97351	AATGTGTAACTCTTTCATAAAATGCTTTGAGCGTCTTAGAAGCCCCTAAATAAATAGGAAGATGTGGGAAAACAGAAATGAATATTCTCTGTAAAAACAAAAAATAATGCCTGAAGAGACATATAAAATACAAAATAATTATGTGTAATAA	1.8115	432883
NKLS02002208.1	7801573	BND00001492	A	]NKLS02001160.1:15478]A	.	PASS	TRUE	BND	NKLS02001160.1	15478	0	0	5to3	-7,7	-7,7	60	0	9	6	0.964912	CCAGTTCCAATTTCAACCTAGGTCTGAAGCAGAATGGAAAGAGAGCTTGCTGTGGAGGTAGAATCCAGACTTCAAGTCTCAGAGGCAGTCCTATGATGGCGGTGGAATAGGTCGGGGAGACCACAATCTCCCCCACAAATTCATTGAAAGAACATTTGAACCCTGAGC	1.98659	-7786095
